0.500000 0.000000
0.000000 0.000000
0.000000 0.000000
0.000000 0.000000
0.000000 0.000000
0.000000 0.000000
0.000000 0.000000
0.000000 0.000000
0.000000 0.000000
0.000000 0.000000
0.000000 0.000000
0.000000 0.000000
0.000000 0.000000
0.000000 0.000000
0.000000 0.000000
0.000000 0.000000
0.500000 0.000000
0.500000 0.000000
0.500000 0.000000
0.500000 0.000000
0.500000 0.000000
0.500000 0.000000
0.500000 0.000000
0.500000 0.000000
0.500000 0.000000
0.500000 0.000000
0.500000 0.000000
0.500000 0.000000
0.500000 0.000000
0.500000 0.000000
0.500000 0.000000
0.500000 0.000000
0.000000 0.000000
0.191406 0.000000
0.353516 0.000000
0.461914 0.000000
0.500000 0.000000
0.461914 0.000000
0.353516 0.000000
0.191406 0.000000
0.000000 0.000000
-0.191406 0.000000
-0.353516 0.000000
-0.461914 0.000000
-0.500000 0.000000
-0.461914 0.000000
-0.353516 0.000000
-0.191406 0.000000
0.500000 0.000000
0.461914 0.000000
0.353516 0.000000
0.191406 0.000000
0.000000 0.000000
-0.191406 0.000000
-0.353516 0.000000
-0.461914 0.000000
-0.500000 0.000000
-0.461914 0.000000
-0.353516 0.000000
-0.191406 0.000000
0.000000 0.000000
0.191406 0.000000
0.353516 0.000000
0.461914 0.000000
0.500000 0.000000
0.500000 0.000000
0.500000 0.000000
0.500000 0.000000
0.500000 0.000000
0.500000 0.000000
0.500000 0.000000
0.500000 0.000000
0.000000 0.000000
0.000000 0.000000
0.000000 0.000000
0.000000 0.000000
0.000000 0.000000
0.000000 0.000000
0.000000 0.000000
0.000000 0.000000
