0.496094 -0.003906
0.500000 0.000000
0.500000 0.000000
0.500000 0.000000
0.496094 -0.003906
0.500000 0.000000
0.500000 0.000000
0.500000 0.000000
0.496094 -0.003906
0.500000 0.000000
0.500000 0.000000
0.500000 0.000000
0.496094 -0.003906
0.500000 0.000000
0.500000 0.000000
7.992188 -0.003906
0.000000 0.000000
0.000000 0.000000
0.000000 0.000000
-0.003906 -0.003906
0.000000 0.000000
0.000000 0.000000
0.000000 0.000000
-0.003906 -0.003906
0.000000 0.000000
0.000000 0.000000
0.000000 0.000000
-0.003906 -0.003906
0.000000 0.000000
0.000000 0.000000
-0.003906 -0.003906
0.000000 0.000000
0.000000 0.000000
0.000000 0.000000
-0.003906 -0.003906
0.000000 0.000000
0.000000 0.000000
0.000000 0.000000
-0.003906 -4.002930
0.000000 0.000977
0.000000 0.000977
0.000000 0.000977
-0.003906 -0.003906
0.000000 0.000000
0.000000 0.000000
-0.003906 -0.003906
0.000000 0.000000
0.000000 0.000000
0.000000 0.000000
-0.003906 -0.003906
0.000000 0.000000
0.000000 0.000000
0.000000 0.000000
3.996094 -0.003906
0.000000 0.000000
0.000000 0.000000
0.000000 0.000000
-0.003906 -0.003906
0.000000 0.000000
0.000000 0.000000
3.996094 -0.003906
0.000000 0.000000
0.000000 0.000000
0.000000 0.000000
-0.003906 -0.003906
0.000000 0.000000
0.000000 0.000000
0.000000 0.000000
0.496094 -2.517578
0.500000 0.099609
0.500000 -0.333984
0.500000 0.748047
0.496094 -0.751953
0.500000 0.333984
0.500000 -0.099609
